{
  "nbformat": 4,
  "nbformat_minor": 0,
  "metadata": {
    "colab": {
      "provenance": []
    },
    "kernelspec": {
      "name": "python3",
      "display_name": "Python 3"
    },
    "language_info": {
      "name": "python"
    }
  },
  "cells": [
    {
      "cell_type": "code",
      "execution_count": null,
      "metadata": {
        "id": "TZBO_h9oPgJf"
      },
      "outputs": [],
      "source": [
        "from sklearn.covariance import GraphicalLasso\n",
        "import pandas as pd\n",
        "import numpy as np\n",
        "import matplotlib.pyplot as plt\n",
        "import seaborn as sns\n",
        "import networkx as nx"
      ]
    },
    {
      "cell_type": "code",
      "source": [],
      "metadata": {
        "id": "ggxuSUC3MpHv"
      },
      "execution_count": null,
      "outputs": []
    },
    {
      "cell_type": "markdown",
      "source": [
        "#GLASSO on attractive GGM"
      ],
      "metadata": {
        "id": "IJv0bXp7HhpX"
      }
    },
    {
      "cell_type": "code",
      "source": [
        "X = [[1.81818182, -0.90909091, -0.18181818, 0.0],\n",
        " [-0.90909091, 1.81818182, 0.0, 0.0],\n",
        " [-0.18181818, 0.0, 1.33333333, -1.09090909],\n",
        " [0.0, 0.0, -1.09090909, 1.33333333]]\n"
      ],
      "metadata": {
        "id": "GuUZpXIYHl63"
      },
      "execution_count": null,
      "outputs": []
    },
    {
      "cell_type": "code",
      "source": [
        "cov_matrix = np.array([[1.81818182, -0.90909091, -0.18181818, 0.0],\n",
        "                       [-0.90909091, 1.81818182, 0.0, 0.0],\n",
        "                       [-0.18181818, 0.0, 1.33333333, -1.09090909],\n",
        "                       [0.0, 0.0, -1.09090909, 1.33333333]])\n",
        "\n",
        "eigenvalues = np.linalg.eigvalsh(cov_matrix)\n",
        "condition_number = np.max(eigenvalues) / np.min(eigenvalues)\n",
        "\n",
        "print(\"Condition Number:\", condition_number)\n",
        "print(\"Min Eigen Value:\", min(eigenvalues))"
      ],
      "metadata": {
        "colab": {
          "base_uri": "https://localhost:8080/"
        },
        "id": "CrYZaV1zIVLJ",
        "outputId": "5dacb463-38b7-4c8e-fe9d-6bde5d87026d"
      },
      "execution_count": null,
      "outputs": [
        {
          "output_type": "stream",
          "name": "stdout",
          "text": [
            "Condition Number: 12.146190802622526\n",
            "Min Eigen Value: 0.2268954723906359\n"
          ]
        }
      ]
    },
    {
      "cell_type": "markdown",
      "source": [
        "# GLASSO on example matrix"
      ],
      "metadata": {
        "id": "-pnsniLqRAEx"
      }
    },
    {
      "cell_type": "code",
      "source": [
        "# Create an instance of GraphicalLasso\n",
        "graphical_lasso = GraphicalLasso()\n",
        "# Fit the model to the data\n",
        "graphical_lasso.fit(X)\n",
        "\n",
        "# Retrieve the learned precision matrix\n",
        "precision_matrix = graphical_lasso.precision_\n",
        "\n",
        "print(\"Learned Precision Matrix:\")\n",
        "print(precision_matrix)"
      ],
      "metadata": {
        "colab": {
          "base_uri": "https://localhost:8080/"
        },
        "id": "tA8lwaB9IAMF",
        "outputId": "f216c086-8f15-47d3-b99d-d3205aef8077"
      },
      "execution_count": null,
      "outputs": [
        {
          "output_type": "stream",
          "name": "stdout",
          "text": [
            "Learned Precision Matrix:\n",
            "[[ 4.88133499  4.0419014   4.95713425  4.52186546]\n",
            " [ 4.0419014   4.406918    3.19227839  2.86213852]\n",
            " [ 4.95713425  3.19227839 25.28903196 24.29074732]\n",
            " [ 4.52186546  2.86213852 24.29074732 24.70104269]]\n"
          ]
        }
      ]
    },
    {
      "cell_type": "code",
      "source": [
        "# Create a sample data matrix X with n samples and p features\n",
        "X = np.array([[1.0, 0.2, 0.3, 0.4],\n",
        "              [0.2, 1.0, 0.5, 0.6],\n",
        "              [0.3, 0.5, 1.0, 0.7],\n",
        "              [0.4, 0.6, 0.7, 1.0]])\n"
      ],
      "metadata": {
        "id": "4GFeuhydzL1N"
      },
      "execution_count": null,
      "outputs": []
    },
    {
      "cell_type": "code",
      "source": [
        "# Create an instance of GraphicalLasso\n",
        "graphical_lasso = GraphicalLasso()"
      ],
      "metadata": {
        "id": "URye-gAezTjF"
      },
      "execution_count": null,
      "outputs": []
    },
    {
      "cell_type": "code",
      "source": [
        "# Fit the model to the data\n",
        "graphical_lasso.fit(X)\n",
        "\n",
        "# Retrieve the learned precision matrix\n",
        "precision_matrix = graphical_lasso.precision_\n",
        "\n",
        "print(\"Learned Precision Matrix:\")\n",
        "print(precision_matrix)"
      ],
      "metadata": {
        "colab": {
          "base_uri": "https://localhost:8080/",
          "height": 237
        },
        "id": "Hn5ZjCodzZZb",
        "outputId": "08b18d57-479b-4e58-f141-cc582257f702"
      },
      "execution_count": null,
      "outputs": [
        {
          "output_type": "error",
          "ename": "NameError",
          "evalue": "ignored",
          "traceback": [
            "\u001b[0;31m---------------------------------------------------------------------------\u001b[0m",
            "\u001b[0;31mNameError\u001b[0m                                 Traceback (most recent call last)",
            "\u001b[0;32m<ipython-input-3-bc29606ae630>\u001b[0m in \u001b[0;36m<cell line: 2>\u001b[0;34m()\u001b[0m\n\u001b[1;32m      1\u001b[0m \u001b[0;31m# Fit the model to the data\u001b[0m\u001b[0;34m\u001b[0m\u001b[0;34m\u001b[0m\u001b[0m\n\u001b[0;32m----> 2\u001b[0;31m \u001b[0mgraphical_lasso\u001b[0m\u001b[0;34m.\u001b[0m\u001b[0mfit\u001b[0m\u001b[0;34m(\u001b[0m\u001b[0mX\u001b[0m\u001b[0;34m)\u001b[0m\u001b[0;34m\u001b[0m\u001b[0;34m\u001b[0m\u001b[0m\n\u001b[0m\u001b[1;32m      3\u001b[0m \u001b[0;34m\u001b[0m\u001b[0m\n\u001b[1;32m      4\u001b[0m \u001b[0;31m# Retrieve the learned precision matrix\u001b[0m\u001b[0;34m\u001b[0m\u001b[0;34m\u001b[0m\u001b[0m\n\u001b[1;32m      5\u001b[0m \u001b[0mprecision_matrix\u001b[0m \u001b[0;34m=\u001b[0m \u001b[0mgraphical_lasso\u001b[0m\u001b[0;34m.\u001b[0m\u001b[0mprecision_\u001b[0m\u001b[0;34m\u001b[0m\u001b[0;34m\u001b[0m\u001b[0m\n",
            "\u001b[0;31mNameError\u001b[0m: name 'graphical_lasso' is not defined"
          ]
        }
      ]
    },
    {
      "cell_type": "markdown",
      "source": [
        "# Glass Identification using GLASSO"
      ],
      "metadata": {
        "id": "oOp6O8lSI1hS"
      }
    },
    {
      "cell_type": "code",
      "source": [
        "# Load the Glass Identification dataset\n",
        "data = pd.read_csv('glass.data', header=None)\n",
        "\n",
        "# Extract the features (X) and labels (y)\n",
        "X = data.iloc[:, :-1].values\n",
        "y = data.iloc[:, -1].values"
      ],
      "metadata": {
        "id": "50V4VmLGzdIf"
      },
      "execution_count": null,
      "outputs": []
    },
    {
      "cell_type": "code",
      "source": [
        "data.head()"
      ],
      "metadata": {
        "colab": {
          "base_uri": "https://localhost:8080/",
          "height": 206
        },
        "id": "Nnedq5qD2bHX",
        "outputId": "9746a73c-358d-47ad-9c89-d306333988fb"
      },
      "execution_count": null,
      "outputs": [
        {
          "output_type": "execute_result",
          "data": {
            "text/plain": [
              "   0        1      2     3     4      5     6     7    8    9   10\n",
              "0   1  1.52101  13.64  4.49  1.10  71.78  0.06  8.75  0.0  0.0   1\n",
              "1   2  1.51761  13.89  3.60  1.36  72.73  0.48  7.83  0.0  0.0   1\n",
              "2   3  1.51618  13.53  3.55  1.54  72.99  0.39  7.78  0.0  0.0   1\n",
              "3   4  1.51766  13.21  3.69  1.29  72.61  0.57  8.22  0.0  0.0   1\n",
              "4   5  1.51742  13.27  3.62  1.24  73.08  0.55  8.07  0.0  0.0   1"
            ],
            "text/html": [
              "\n",
              "  <div id=\"df-7580cf34-4cfa-4fcf-a877-5b95c4c2e710\">\n",
              "    <div class=\"colab-df-container\">\n",
              "      <div>\n",
              "<style scoped>\n",
              "    .dataframe tbody tr th:only-of-type {\n",
              "        vertical-align: middle;\n",
              "    }\n",
              "\n",
              "    .dataframe tbody tr th {\n",
              "        vertical-align: top;\n",
              "    }\n",
              "\n",
              "    .dataframe thead th {\n",
              "        text-align: right;\n",
              "    }\n",
              "</style>\n",
              "<table border=\"1\" class=\"dataframe\">\n",
              "  <thead>\n",
              "    <tr style=\"text-align: right;\">\n",
              "      <th></th>\n",
              "      <th>0</th>\n",
              "      <th>1</th>\n",
              "      <th>2</th>\n",
              "      <th>3</th>\n",
              "      <th>4</th>\n",
              "      <th>5</th>\n",
              "      <th>6</th>\n",
              "      <th>7</th>\n",
              "      <th>8</th>\n",
              "      <th>9</th>\n",
              "      <th>10</th>\n",
              "    </tr>\n",
              "  </thead>\n",
              "  <tbody>\n",
              "    <tr>\n",
              "      <th>0</th>\n",
              "      <td>1</td>\n",
              "      <td>1.52101</td>\n",
              "      <td>13.64</td>\n",
              "      <td>4.49</td>\n",
              "      <td>1.10</td>\n",
              "      <td>71.78</td>\n",
              "      <td>0.06</td>\n",
              "      <td>8.75</td>\n",
              "      <td>0.0</td>\n",
              "      <td>0.0</td>\n",
              "      <td>1</td>\n",
              "    </tr>\n",
              "    <tr>\n",
              "      <th>1</th>\n",
              "      <td>2</td>\n",
              "      <td>1.51761</td>\n",
              "      <td>13.89</td>\n",
              "      <td>3.60</td>\n",
              "      <td>1.36</td>\n",
              "      <td>72.73</td>\n",
              "      <td>0.48</td>\n",
              "      <td>7.83</td>\n",
              "      <td>0.0</td>\n",
              "      <td>0.0</td>\n",
              "      <td>1</td>\n",
              "    </tr>\n",
              "    <tr>\n",
              "      <th>2</th>\n",
              "      <td>3</td>\n",
              "      <td>1.51618</td>\n",
              "      <td>13.53</td>\n",
              "      <td>3.55</td>\n",
              "      <td>1.54</td>\n",
              "      <td>72.99</td>\n",
              "      <td>0.39</td>\n",
              "      <td>7.78</td>\n",
              "      <td>0.0</td>\n",
              "      <td>0.0</td>\n",
              "      <td>1</td>\n",
              "    </tr>\n",
              "    <tr>\n",
              "      <th>3</th>\n",
              "      <td>4</td>\n",
              "      <td>1.51766</td>\n",
              "      <td>13.21</td>\n",
              "      <td>3.69</td>\n",
              "      <td>1.29</td>\n",
              "      <td>72.61</td>\n",
              "      <td>0.57</td>\n",
              "      <td>8.22</td>\n",
              "      <td>0.0</td>\n",
              "      <td>0.0</td>\n",
              "      <td>1</td>\n",
              "    </tr>\n",
              "    <tr>\n",
              "      <th>4</th>\n",
              "      <td>5</td>\n",
              "      <td>1.51742</td>\n",
              "      <td>13.27</td>\n",
              "      <td>3.62</td>\n",
              "      <td>1.24</td>\n",
              "      <td>73.08</td>\n",
              "      <td>0.55</td>\n",
              "      <td>8.07</td>\n",
              "      <td>0.0</td>\n",
              "      <td>0.0</td>\n",
              "      <td>1</td>\n",
              "    </tr>\n",
              "  </tbody>\n",
              "</table>\n",
              "</div>\n",
              "      <button class=\"colab-df-convert\" onclick=\"convertToInteractive('df-7580cf34-4cfa-4fcf-a877-5b95c4c2e710')\"\n",
              "              title=\"Convert this dataframe to an interactive table.\"\n",
              "              style=\"display:none;\">\n",
              "        \n",
              "  <svg xmlns=\"http://www.w3.org/2000/svg\" height=\"24px\"viewBox=\"0 0 24 24\"\n",
              "       width=\"24px\">\n",
              "    <path d=\"M0 0h24v24H0V0z\" fill=\"none\"/>\n",
              "    <path d=\"M18.56 5.44l.94 2.06.94-2.06 2.06-.94-2.06-.94-.94-2.06-.94 2.06-2.06.94zm-11 1L8.5 8.5l.94-2.06 2.06-.94-2.06-.94L8.5 2.5l-.94 2.06-2.06.94zm10 10l.94 2.06.94-2.06 2.06-.94-2.06-.94-.94-2.06-.94 2.06-2.06.94z\"/><path d=\"M17.41 7.96l-1.37-1.37c-.4-.4-.92-.59-1.43-.59-.52 0-1.04.2-1.43.59L10.3 9.45l-7.72 7.72c-.78.78-.78 2.05 0 2.83L4 21.41c.39.39.9.59 1.41.59.51 0 1.02-.2 1.41-.59l7.78-7.78 2.81-2.81c.8-.78.8-2.07 0-2.86zM5.41 20L4 18.59l7.72-7.72 1.47 1.35L5.41 20z\"/>\n",
              "  </svg>\n",
              "      </button>\n",
              "      \n",
              "  <style>\n",
              "    .colab-df-container {\n",
              "      display:flex;\n",
              "      flex-wrap:wrap;\n",
              "      gap: 12px;\n",
              "    }\n",
              "\n",
              "    .colab-df-convert {\n",
              "      background-color: #E8F0FE;\n",
              "      border: none;\n",
              "      border-radius: 50%;\n",
              "      cursor: pointer;\n",
              "      display: none;\n",
              "      fill: #1967D2;\n",
              "      height: 32px;\n",
              "      padding: 0 0 0 0;\n",
              "      width: 32px;\n",
              "    }\n",
              "\n",
              "    .colab-df-convert:hover {\n",
              "      background-color: #E2EBFA;\n",
              "      box-shadow: 0px 1px 2px rgba(60, 64, 67, 0.3), 0px 1px 3px 1px rgba(60, 64, 67, 0.15);\n",
              "      fill: #174EA6;\n",
              "    }\n",
              "\n",
              "    [theme=dark] .colab-df-convert {\n",
              "      background-color: #3B4455;\n",
              "      fill: #D2E3FC;\n",
              "    }\n",
              "\n",
              "    [theme=dark] .colab-df-convert:hover {\n",
              "      background-color: #434B5C;\n",
              "      box-shadow: 0px 1px 3px 1px rgba(0, 0, 0, 0.15);\n",
              "      filter: drop-shadow(0px 1px 2px rgba(0, 0, 0, 0.3));\n",
              "      fill: #FFFFFF;\n",
              "    }\n",
              "  </style>\n",
              "\n",
              "      <script>\n",
              "        const buttonEl =\n",
              "          document.querySelector('#df-7580cf34-4cfa-4fcf-a877-5b95c4c2e710 button.colab-df-convert');\n",
              "        buttonEl.style.display =\n",
              "          google.colab.kernel.accessAllowed ? 'block' : 'none';\n",
              "\n",
              "        async function convertToInteractive(key) {\n",
              "          const element = document.querySelector('#df-7580cf34-4cfa-4fcf-a877-5b95c4c2e710');\n",
              "          const dataTable =\n",
              "            await google.colab.kernel.invokeFunction('convertToInteractive',\n",
              "                                                     [key], {});\n",
              "          if (!dataTable) return;\n",
              "\n",
              "          const docLinkHtml = 'Like what you see? Visit the ' +\n",
              "            '<a target=\"_blank\" href=https://colab.research.google.com/notebooks/data_table.ipynb>data table notebook</a>'\n",
              "            + ' to learn more about interactive tables.';\n",
              "          element.innerHTML = '';\n",
              "          dataTable['output_type'] = 'display_data';\n",
              "          await google.colab.output.renderOutput(dataTable, element);\n",
              "          const docLink = document.createElement('div');\n",
              "          docLink.innerHTML = docLinkHtml;\n",
              "          element.appendChild(docLink);\n",
              "        }\n",
              "      </script>\n",
              "    </div>\n",
              "  </div>\n",
              "  "
            ]
          },
          "metadata": {},
          "execution_count": 17
        }
      ]
    },
    {
      "cell_type": "code",
      "source": [
        "y"
      ],
      "metadata": {
        "colab": {
          "base_uri": "https://localhost:8080/"
        },
        "id": "6IryigqJ2cJV",
        "outputId": "d29c2abf-5709-4f0c-85f0-83806efb95a8"
      },
      "execution_count": null,
      "outputs": [
        {
          "output_type": "execute_result",
          "data": {
            "text/plain": [
              "array([1, 1, 1, 1, 1, 1, 1, 1, 1, 1, 1, 1, 1, 1, 1, 1, 1, 1, 1, 1, 1, 1,\n",
              "       1, 1, 1, 1, 1, 1, 1, 1, 1, 1, 1, 1, 1, 1, 1, 1, 1, 1, 1, 1, 1, 1,\n",
              "       1, 1, 1, 1, 1, 1, 1, 1, 1, 1, 1, 1, 1, 1, 1, 1, 1, 1, 1, 1, 1, 1,\n",
              "       1, 1, 1, 1, 2, 2, 2, 2, 2, 2, 2, 2, 2, 2, 2, 2, 2, 2, 2, 2, 2, 2,\n",
              "       2, 2, 2, 2, 2, 2, 2, 2, 2, 2, 2, 2, 2, 2, 2, 2, 2, 2, 2, 2, 2, 2,\n",
              "       2, 2, 2, 2, 2, 2, 2, 2, 2, 2, 2, 2, 2, 2, 2, 2, 2, 2, 2, 2, 2, 2,\n",
              "       2, 2, 2, 2, 2, 2, 2, 2, 2, 2, 2, 2, 2, 2, 3, 3, 3, 3, 3, 3, 3, 3,\n",
              "       3, 3, 3, 3, 3, 3, 3, 3, 3, 5, 5, 5, 5, 5, 5, 5, 5, 5, 5, 5, 5, 5,\n",
              "       6, 6, 6, 6, 6, 6, 6, 6, 6, 7, 7, 7, 7, 7, 7, 7, 7, 7, 7, 7, 7, 7,\n",
              "       7, 7, 7, 7, 7, 7, 7, 7, 7, 7, 7, 7, 7, 7, 7, 7])"
            ]
          },
          "metadata": {},
          "execution_count": 18
        }
      ]
    },
    {
      "cell_type": "code",
      "source": [
        "graphical_lasso = GraphicalLasso()"
      ],
      "metadata": {
        "id": "dSBO3tBU8Drp"
      },
      "execution_count": null,
      "outputs": []
    },
    {
      "cell_type": "code",
      "source": [
        "graphical_lasso.fit(X)\n",
        "\n",
        "# Retrieved learned precision matrix\n",
        "precision_matrix_glass = graphical_lasso.precision_\n",
        "\n",
        "print(\"Learned Precision Matrix:\")\n",
        "print(precision_matrix_glass)"
      ],
      "metadata": {
        "colab": {
          "base_uri": "https://localhost:8080/"
        },
        "id": "z7Ve2CvQ2hkC",
        "outputId": "65856279-faeb-4735-e89f-4cae2fc22f7a"
      },
      "execution_count": null,
      "outputs": [
        {
          "output_type": "stream",
          "name": "stdout",
          "text": [
            "Learned Precision Matrix:\n",
            "[[ 5.35311048e-04  1.00376269e-01 -5.67912939e-03  1.27053153e-02\n",
            "  -1.22625953e-02  1.95694687e-03  2.69273829e-03  2.08605899e-03\n",
            "  -2.60211673e-03  6.68308215e-03]\n",
            " [ 1.00376269e-01  1.08977480e+05  0.00000000e+00  0.00000000e+00\n",
            "   0.00000000e+00  0.00000000e+00  0.00000000e+00 -0.00000000e+00\n",
            "  -0.00000000e+00 -0.00000000e+00]\n",
            " [-5.67912939e-03  0.00000000e+00  4.00397487e+00  2.13408208e+00\n",
            "   1.92349355e+00  2.18456830e+00  2.71296455e+00  2.40230847e+00\n",
            "   1.08107774e+00  1.17680447e+00]\n",
            " [ 1.27053153e-02  0.00000000e+00  2.13408208e+00  3.37039784e+00\n",
            "   2.85234536e+00  2.40521844e+00  2.06587452e+00  2.65910577e+00\n",
            "   2.49566805e+00 -0.00000000e+00]\n",
            " [-1.22625953e-02  0.00000000e+00  1.92349355e+00  2.85234536e+00\n",
            "   9.86369430e+00  1.84954366e+00  0.00000000e+00  2.66196780e+00\n",
            "  -0.00000000e+00  0.00000000e+00]\n",
            " [ 1.95694687e-03  0.00000000e+00  2.18456830e+00  2.40521844e+00\n",
            "   1.84954366e+00  3.82803364e+00  2.51014164e+00  2.40377029e+00\n",
            "   2.29209832e+00  0.00000000e+00]\n",
            " [ 2.69273829e-03  0.00000000e+00  2.71296455e+00  2.06587452e+00\n",
            "   0.00000000e+00  2.51014164e+00  5.28245944e+00  2.41558223e+00\n",
            "   2.20956357e+00  0.00000000e+00]\n",
            " [ 2.08605899e-03 -0.00000000e+00  2.40230847e+00  2.65910577e+00\n",
            "   2.66196780e+00  2.40377029e+00  2.41558223e+00  2.94244104e+00\n",
            "   2.11979330e+00 -2.32579252e-01]\n",
            " [-2.60211673e-03 -0.00000000e+00  1.08107774e+00  2.49566805e+00\n",
            "  -0.00000000e+00  2.29209832e+00  2.20956357e+00  2.11979330e+00\n",
            "   7.95235158e+00  0.00000000e+00]\n",
            " [ 6.68308215e-03 -0.00000000e+00  1.17680447e+00 -0.00000000e+00\n",
            "   0.00000000e+00  0.00000000e+00  0.00000000e+00 -2.32579252e-01\n",
            "   0.00000000e+00  1.07436278e+02]]\n"
          ]
        }
      ]
    },
    {
      "cell_type": "code",
      "source": [
        "graphical_lasso.score(X)"
      ],
      "metadata": {
        "colab": {
          "base_uri": "https://localhost:8080/"
        },
        "id": "aaHVhNfgA3in",
        "outputId": "fd7c9d3e-8f9d-41bc-dfca-37e342967b76"
      },
      "execution_count": null,
      "outputs": [
        {
          "output_type": "execute_result",
          "data": {
            "text/plain": [
              "-6.3350865047797535"
            ]
          },
          "metadata": {},
          "execution_count": 43
        }
      ]
    },
    {
      "cell_type": "code",
      "source": [
        "graphical_lasso.get_params()"
      ],
      "metadata": {
        "colab": {
          "base_uri": "https://localhost:8080/"
        },
        "id": "_8vVb4tzBIvP",
        "outputId": "c8695222-b07d-41a6-90d8-412d3d3d4603"
      },
      "execution_count": null,
      "outputs": [
        {
          "output_type": "execute_result",
          "data": {
            "text/plain": [
              "{'alpha': 0.01,\n",
              " 'assume_centered': False,\n",
              " 'enet_tol': 0.0001,\n",
              " 'max_iter': 100,\n",
              " 'mode': 'cd',\n",
              " 'tol': 0.0001,\n",
              " 'verbose': False}"
            ]
          },
          "metadata": {},
          "execution_count": 44
        }
      ]
    },
    {
      "cell_type": "code",
      "source": [
        "glass_covariance_matrix = graphical_lasso.covariance_\n",
        "print(\"Learned Covariance Matrix:\")\n",
        "print(glass_covariance_matrix)"
      ],
      "metadata": {
        "colab": {
          "base_uri": "https://localhost:8080/"
        },
        "id": "ojSAQ09F2yAF",
        "outputId": "d514237e-ca07-4f84-d6fd-d0828565cd6a"
      },
      "execution_count": null,
      "outputs": [
        {
          "output_type": "stream",
          "name": "stdout",
          "text": [
            "Learned Covariance Matrix:\n",
            "[[ 3.81625000e+03 -3.51504673e-03  1.89001426e+01 -5.78023757e+01\n",
            "   1.50717998e+01  2.93285841e+00  1.36275123e-01  7.97395952e+00\n",
            "   1.38105931e+01 -4.27150940e-01]\n",
            " [-3.51504673e-03  9.17944538e-06 -1.74084205e-05  5.32402363e-05\n",
            "  -1.38822353e-05 -2.70137815e-06 -1.25519404e-07 -7.34460277e-06\n",
            "  -1.27205713e-05  3.93437410e-07]\n",
            " [ 1.89001426e+01 -1.74084205e-05  6.63725286e-01 -3.10915915e-01\n",
            "   7.36268696e-02 -3.39494006e-02 -1.31054129e-01 -3.08610408e-01\n",
            "   1.41991047e-01 -9.11389046e-03]\n",
            " [-5.78023757e+01  5.32402363e-05 -3.10915915e-01  2.07081824e+00\n",
            "  -3.35353078e-01 -1.74508526e-01  1.50504801e-02 -8.96649029e-01\n",
            "  -3.41397488e-01  5.06014649e-03]\n",
            " [ 1.50717998e+01 -1.38822353e-05  7.36268696e-02 -3.35353078e-01\n",
            "   2.48105365e-01  7.87218726e-03  1.14268656e-01 -1.73588891e-01\n",
            "   1.12419207e-01 -2.11980240e-03]\n",
            " [ 2.93285841e+00 -2.70137815e-06 -3.39494006e-02 -1.74508526e-01\n",
            "   7.87218726e-03  5.97117818e-01 -8.72056254e-02 -2.19009266e-01\n",
            "  -2.91565409e-02 -2.84687252e-04]\n",
            " [ 1.36275123e-01 -1.25519404e-07 -1.31054129e-01  1.50504801e-02\n",
            "   1.14268656e-01 -8.72056254e-02  4.23366567e-01 -2.83627149e-01\n",
            "  -3.75577484e-03  8.13026646e-04]\n",
            " [ 7.97395952e+00 -7.34460277e-06 -3.08610408e-01 -8.96649029e-01\n",
            "  -1.73588891e-01 -2.19009266e-01 -2.83627149e-01  2.01590152e+00\n",
            "  -6.94753254e-02  7.24839287e-03]\n",
            " [ 1.38105931e+01 -1.27205713e-05  1.41991047e-01 -3.41397488e-01\n",
            "   1.12419207e-01 -2.91565409e-02 -3.75577484e-03 -6.94753254e-02\n",
            "   2.46071727e-01 -2.56479052e-03]\n",
            " [-4.27150940e-01  3.93437410e-07 -9.11389046e-03  5.06014649e-03\n",
            "  -2.11980240e-03 -2.84687252e-04  8.13026646e-04  7.24839287e-03\n",
            "  -2.56479052e-03  9.44993449e-03]]\n"
          ]
        }
      ]
    },
    {
      "cell_type": "code",
      "source": [
        "data"
      ],
      "metadata": {
        "colab": {
          "base_uri": "https://localhost:8080/",
          "height": 423
        },
        "id": "lnAI4pjeCLEZ",
        "outputId": "4997f6ce-fbd0-46f2-f911-ebca1163785c"
      },
      "execution_count": null,
      "outputs": [
        {
          "output_type": "execute_result",
          "data": {
            "text/plain": [
              "      0        1      2     3     4      5     6     7     8    9   10\n",
              "0      1  1.52101  13.64  4.49  1.10  71.78  0.06  8.75  0.00  0.0   1\n",
              "1      2  1.51761  13.89  3.60  1.36  72.73  0.48  7.83  0.00  0.0   1\n",
              "2      3  1.51618  13.53  3.55  1.54  72.99  0.39  7.78  0.00  0.0   1\n",
              "3      4  1.51766  13.21  3.69  1.29  72.61  0.57  8.22  0.00  0.0   1\n",
              "4      5  1.51742  13.27  3.62  1.24  73.08  0.55  8.07  0.00  0.0   1\n",
              "..   ...      ...    ...   ...   ...    ...   ...   ...   ...  ...  ..\n",
              "209  210  1.51623  14.14  0.00  2.88  72.61  0.08  9.18  1.06  0.0   7\n",
              "210  211  1.51685  14.92  0.00  1.99  73.06  0.00  8.40  1.59  0.0   7\n",
              "211  212  1.52065  14.36  0.00  2.02  73.42  0.00  8.44  1.64  0.0   7\n",
              "212  213  1.51651  14.38  0.00  1.94  73.61  0.00  8.48  1.57  0.0   7\n",
              "213  214  1.51711  14.23  0.00  2.08  73.36  0.00  8.62  1.67  0.0   7\n",
              "\n",
              "[214 rows x 11 columns]"
            ],
            "text/html": [
              "\n",
              "  <div id=\"df-42fb84a7-e35d-4444-84f3-3e1e94453e87\">\n",
              "    <div class=\"colab-df-container\">\n",
              "      <div>\n",
              "<style scoped>\n",
              "    .dataframe tbody tr th:only-of-type {\n",
              "        vertical-align: middle;\n",
              "    }\n",
              "\n",
              "    .dataframe tbody tr th {\n",
              "        vertical-align: top;\n",
              "    }\n",
              "\n",
              "    .dataframe thead th {\n",
              "        text-align: right;\n",
              "    }\n",
              "</style>\n",
              "<table border=\"1\" class=\"dataframe\">\n",
              "  <thead>\n",
              "    <tr style=\"text-align: right;\">\n",
              "      <th></th>\n",
              "      <th>0</th>\n",
              "      <th>1</th>\n",
              "      <th>2</th>\n",
              "      <th>3</th>\n",
              "      <th>4</th>\n",
              "      <th>5</th>\n",
              "      <th>6</th>\n",
              "      <th>7</th>\n",
              "      <th>8</th>\n",
              "      <th>9</th>\n",
              "      <th>10</th>\n",
              "    </tr>\n",
              "  </thead>\n",
              "  <tbody>\n",
              "    <tr>\n",
              "      <th>0</th>\n",
              "      <td>1</td>\n",
              "      <td>1.52101</td>\n",
              "      <td>13.64</td>\n",
              "      <td>4.49</td>\n",
              "      <td>1.10</td>\n",
              "      <td>71.78</td>\n",
              "      <td>0.06</td>\n",
              "      <td>8.75</td>\n",
              "      <td>0.00</td>\n",
              "      <td>0.0</td>\n",
              "      <td>1</td>\n",
              "    </tr>\n",
              "    <tr>\n",
              "      <th>1</th>\n",
              "      <td>2</td>\n",
              "      <td>1.51761</td>\n",
              "      <td>13.89</td>\n",
              "      <td>3.60</td>\n",
              "      <td>1.36</td>\n",
              "      <td>72.73</td>\n",
              "      <td>0.48</td>\n",
              "      <td>7.83</td>\n",
              "      <td>0.00</td>\n",
              "      <td>0.0</td>\n",
              "      <td>1</td>\n",
              "    </tr>\n",
              "    <tr>\n",
              "      <th>2</th>\n",
              "      <td>3</td>\n",
              "      <td>1.51618</td>\n",
              "      <td>13.53</td>\n",
              "      <td>3.55</td>\n",
              "      <td>1.54</td>\n",
              "      <td>72.99</td>\n",
              "      <td>0.39</td>\n",
              "      <td>7.78</td>\n",
              "      <td>0.00</td>\n",
              "      <td>0.0</td>\n",
              "      <td>1</td>\n",
              "    </tr>\n",
              "    <tr>\n",
              "      <th>3</th>\n",
              "      <td>4</td>\n",
              "      <td>1.51766</td>\n",
              "      <td>13.21</td>\n",
              "      <td>3.69</td>\n",
              "      <td>1.29</td>\n",
              "      <td>72.61</td>\n",
              "      <td>0.57</td>\n",
              "      <td>8.22</td>\n",
              "      <td>0.00</td>\n",
              "      <td>0.0</td>\n",
              "      <td>1</td>\n",
              "    </tr>\n",
              "    <tr>\n",
              "      <th>4</th>\n",
              "      <td>5</td>\n",
              "      <td>1.51742</td>\n",
              "      <td>13.27</td>\n",
              "      <td>3.62</td>\n",
              "      <td>1.24</td>\n",
              "      <td>73.08</td>\n",
              "      <td>0.55</td>\n",
              "      <td>8.07</td>\n",
              "      <td>0.00</td>\n",
              "      <td>0.0</td>\n",
              "      <td>1</td>\n",
              "    </tr>\n",
              "    <tr>\n",
              "      <th>...</th>\n",
              "      <td>...</td>\n",
              "      <td>...</td>\n",
              "      <td>...</td>\n",
              "      <td>...</td>\n",
              "      <td>...</td>\n",
              "      <td>...</td>\n",
              "      <td>...</td>\n",
              "      <td>...</td>\n",
              "      <td>...</td>\n",
              "      <td>...</td>\n",
              "      <td>...</td>\n",
              "    </tr>\n",
              "    <tr>\n",
              "      <th>209</th>\n",
              "      <td>210</td>\n",
              "      <td>1.51623</td>\n",
              "      <td>14.14</td>\n",
              "      <td>0.00</td>\n",
              "      <td>2.88</td>\n",
              "      <td>72.61</td>\n",
              "      <td>0.08</td>\n",
              "      <td>9.18</td>\n",
              "      <td>1.06</td>\n",
              "      <td>0.0</td>\n",
              "      <td>7</td>\n",
              "    </tr>\n",
              "    <tr>\n",
              "      <th>210</th>\n",
              "      <td>211</td>\n",
              "      <td>1.51685</td>\n",
              "      <td>14.92</td>\n",
              "      <td>0.00</td>\n",
              "      <td>1.99</td>\n",
              "      <td>73.06</td>\n",
              "      <td>0.00</td>\n",
              "      <td>8.40</td>\n",
              "      <td>1.59</td>\n",
              "      <td>0.0</td>\n",
              "      <td>7</td>\n",
              "    </tr>\n",
              "    <tr>\n",
              "      <th>211</th>\n",
              "      <td>212</td>\n",
              "      <td>1.52065</td>\n",
              "      <td>14.36</td>\n",
              "      <td>0.00</td>\n",
              "      <td>2.02</td>\n",
              "      <td>73.42</td>\n",
              "      <td>0.00</td>\n",
              "      <td>8.44</td>\n",
              "      <td>1.64</td>\n",
              "      <td>0.0</td>\n",
              "      <td>7</td>\n",
              "    </tr>\n",
              "    <tr>\n",
              "      <th>212</th>\n",
              "      <td>213</td>\n",
              "      <td>1.51651</td>\n",
              "      <td>14.38</td>\n",
              "      <td>0.00</td>\n",
              "      <td>1.94</td>\n",
              "      <td>73.61</td>\n",
              "      <td>0.00</td>\n",
              "      <td>8.48</td>\n",
              "      <td>1.57</td>\n",
              "      <td>0.0</td>\n",
              "      <td>7</td>\n",
              "    </tr>\n",
              "    <tr>\n",
              "      <th>213</th>\n",
              "      <td>214</td>\n",
              "      <td>1.51711</td>\n",
              "      <td>14.23</td>\n",
              "      <td>0.00</td>\n",
              "      <td>2.08</td>\n",
              "      <td>73.36</td>\n",
              "      <td>0.00</td>\n",
              "      <td>8.62</td>\n",
              "      <td>1.67</td>\n",
              "      <td>0.0</td>\n",
              "      <td>7</td>\n",
              "    </tr>\n",
              "  </tbody>\n",
              "</table>\n",
              "<p>214 rows × 11 columns</p>\n",
              "</div>\n",
              "      <button class=\"colab-df-convert\" onclick=\"convertToInteractive('df-42fb84a7-e35d-4444-84f3-3e1e94453e87')\"\n",
              "              title=\"Convert this dataframe to an interactive table.\"\n",
              "              style=\"display:none;\">\n",
              "        \n",
              "  <svg xmlns=\"http://www.w3.org/2000/svg\" height=\"24px\"viewBox=\"0 0 24 24\"\n",
              "       width=\"24px\">\n",
              "    <path d=\"M0 0h24v24H0V0z\" fill=\"none\"/>\n",
              "    <path d=\"M18.56 5.44l.94 2.06.94-2.06 2.06-.94-2.06-.94-.94-2.06-.94 2.06-2.06.94zm-11 1L8.5 8.5l.94-2.06 2.06-.94-2.06-.94L8.5 2.5l-.94 2.06-2.06.94zm10 10l.94 2.06.94-2.06 2.06-.94-2.06-.94-.94-2.06-.94 2.06-2.06.94z\"/><path d=\"M17.41 7.96l-1.37-1.37c-.4-.4-.92-.59-1.43-.59-.52 0-1.04.2-1.43.59L10.3 9.45l-7.72 7.72c-.78.78-.78 2.05 0 2.83L4 21.41c.39.39.9.59 1.41.59.51 0 1.02-.2 1.41-.59l7.78-7.78 2.81-2.81c.8-.78.8-2.07 0-2.86zM5.41 20L4 18.59l7.72-7.72 1.47 1.35L5.41 20z\"/>\n",
              "  </svg>\n",
              "      </button>\n",
              "      \n",
              "  <style>\n",
              "    .colab-df-container {\n",
              "      display:flex;\n",
              "      flex-wrap:wrap;\n",
              "      gap: 12px;\n",
              "    }\n",
              "\n",
              "    .colab-df-convert {\n",
              "      background-color: #E8F0FE;\n",
              "      border: none;\n",
              "      border-radius: 50%;\n",
              "      cursor: pointer;\n",
              "      display: none;\n",
              "      fill: #1967D2;\n",
              "      height: 32px;\n",
              "      padding: 0 0 0 0;\n",
              "      width: 32px;\n",
              "    }\n",
              "\n",
              "    .colab-df-convert:hover {\n",
              "      background-color: #E2EBFA;\n",
              "      box-shadow: 0px 1px 2px rgba(60, 64, 67, 0.3), 0px 1px 3px 1px rgba(60, 64, 67, 0.15);\n",
              "      fill: #174EA6;\n",
              "    }\n",
              "\n",
              "    [theme=dark] .colab-df-convert {\n",
              "      background-color: #3B4455;\n",
              "      fill: #D2E3FC;\n",
              "    }\n",
              "\n",
              "    [theme=dark] .colab-df-convert:hover {\n",
              "      background-color: #434B5C;\n",
              "      box-shadow: 0px 1px 3px 1px rgba(0, 0, 0, 0.15);\n",
              "      filter: drop-shadow(0px 1px 2px rgba(0, 0, 0, 0.3));\n",
              "      fill: #FFFFFF;\n",
              "    }\n",
              "  </style>\n",
              "\n",
              "      <script>\n",
              "        const buttonEl =\n",
              "          document.querySelector('#df-42fb84a7-e35d-4444-84f3-3e1e94453e87 button.colab-df-convert');\n",
              "        buttonEl.style.display =\n",
              "          google.colab.kernel.accessAllowed ? 'block' : 'none';\n",
              "\n",
              "        async function convertToInteractive(key) {\n",
              "          const element = document.querySelector('#df-42fb84a7-e35d-4444-84f3-3e1e94453e87');\n",
              "          const dataTable =\n",
              "            await google.colab.kernel.invokeFunction('convertToInteractive',\n",
              "                                                     [key], {});\n",
              "          if (!dataTable) return;\n",
              "\n",
              "          const docLinkHtml = 'Like what you see? Visit the ' +\n",
              "            '<a target=\"_blank\" href=https://colab.research.google.com/notebooks/data_table.ipynb>data table notebook</a>'\n",
              "            + ' to learn more about interactive tables.';\n",
              "          element.innerHTML = '';\n",
              "          dataTable['output_type'] = 'display_data';\n",
              "          await google.colab.output.renderOutput(dataTable, element);\n",
              "          const docLink = document.createElement('div');\n",
              "          docLink.innerHTML = docLinkHtml;\n",
              "          element.appendChild(docLink);\n",
              "        }\n",
              "      </script>\n",
              "    </div>\n",
              "  </div>\n",
              "  "
            ]
          },
          "metadata": {},
          "execution_count": 54
        }
      ]
    },
    {
      "cell_type": "code",
      "source": [
        "cov_matrix = np.cov(X, rowvar=False)\n",
        "cov_matrix.shape"
      ],
      "metadata": {
        "colab": {
          "base_uri": "https://localhost:8080/"
        },
        "id": "k30S0LEZFT3C",
        "outputId": "90c7633f-64a3-454c-fe66-599541cf6642"
      },
      "execution_count": null,
      "outputs": [
        {
          "output_type": "execute_result",
          "data": {
            "text/plain": [
              "(10, 10)"
            ]
          },
          "metadata": {},
          "execution_count": 58
        }
      ]
    },
    {
      "cell_type": "code",
      "source": [
        "graphical_lasso.error_norm(cov_matrix, norm='frobenius', scaling=True, squared=True)"
      ],
      "metadata": {
        "colab": {
          "base_uri": "https://localhost:8080/"
        },
        "id": "OyduyX_VBrqm",
        "outputId": "37c792a9-e0af-4a42-e747-e8cae03633b5"
      },
      "execution_count": null,
      "outputs": [
        {
          "output_type": "execute_result",
          "data": {
            "text/plain": [
              "32.121654532909204"
            ]
