
==== 3 X 3 ====

1)Precision Matrix

     [,1] [,2] [,3] [,4] [,5] [,6] [,7] [,8]
[1,]    2   -1    0   -1    0    0    0    0
[2,]   -1    3   -1    0   -1    0    0    0
[3,]    0   -1    2    0    0   -1    0    0
[4,]   -1    0    0    3   -1    0   -1    0
[5,]    0   -1    0   -1    4   -1    0   -1
[6,]    0    0   -1    0   -1    3    0    0
[7,]    0    0    0   -1    0    0    2   -1
[8,]    0    0    0    0   -1    0   -1    3

2) Det of precision = 192

3) Covariance Matrix

[,1]      [,2]      [,3]      [,4]      [,5]      [,6]      [,7]
[1,] 1.4935976 0.9943444 0.7451219 0.9943444 0.7453081 0.4966444 0.7451219
[2,] 0.9943444 1.2030535 0.8703383 0.7866297 0.7456807 0.5384935 0.6206505
[3,] 0.7451219 0.8703383 1.2455700 0.6206505 0.6211935 0.6220471 0.4962568
[4,] 0.9943444 0.7866297 0.6206505 1.2030535 0.7456807 0.4552920 0.8703383
[5,] 0.7453081 0.7456807 0.6211935 0.7456807 0.8712863 0.4973275 0.6211935
[6,] 0.4966444 0.5384935 0.6220471 0.4552920 0.4973275 0.7062228 0.3723593
[7,] 0.7451219 0.6206505 0.4962568 0.8703383 0.6211935 0.3723593 1.2455700
[8,] 0.4966444 0.4552920 0.3723593 0.5384935 0.4973275 0.2897990 0.6220471

[,8]
[1,] 0.4966444
[2,] 0.4552920
[3,] 0.3723593
[4,] 0.5384935
[5,] 0.4973275
[6,] 0.2897990
[7,] 0.6220471
[8,] 0.7062228


=== 20 x 20 ===
